(3, 6)
(3, 3)
(3, 3)
(3, 3)
(3, 3)
(3, 3)
(3, 4)
(3, 3)
(3, 5)
(3, 6)
(6, 6)
(5, 6)
(5, 6)
(5, 5)
(5, 6)
(5, 6)
(5, 7)
(5, 5)
(7, 5)
(5, 7)
(5, 8)
(5, 6)
(5, 5)
(5, 3)
(5, 5)
(5, 4)
(8, 7)
(8, 6)
(8, 7)
(8, 7)
(8, 8)
(7, 7)
(3, 7)
(7, 8)
(8, 8)
(5, 5)
(5, 6)
(8, 6)
(5, 5)
(5, 5)
(3, 8)
(8, 8)
(8, 9)
(8, 8)
(5, 8)
(10, 8)
(8, 7)
(3, 6)
(3, 7)
(8, 8)
(7, 6)
(7, 7)
(8, 8)
(8, 10)
(9, 9)
(7, 7)
(8, 8)
(8, 8)
(7, 6)
(7, 6)
(7, 6)
(3, 8)
(8, 9)
(8, 7)
(7, 5)
(8, 4)
(8, 6)
(8, 7)
(8, 6)
(7, 5)
(8, 5)
(8, 8)
(8, 12)
(8, 11)
(8, 10)
(8, 12)
(8, 13)
(8, 11)
(8, 11)
(8, 11)
(8, 10)
(7, 8)
(8, 9)
(8, 8)
(8, 9)
(8, 5)
(7, 5)
(8, 6)
(8, 5)
(3, 5)
(8, 5)
(3, 7)
(8, 8)
(3, 8)
(8, 8)
(3, 4)
(8, 4)
(8, 4)
(8, 4)
(8, 5)
(8, 8)
(8, 6)
(8, 6)
(8, 5)
(8, 4)
(8, 5)
(8, 8)
(8, 8)
(8, 8)
(8, 8)
(8, 8)
(7, 6)
(8, 6)
(7, 6)
(8, 5)
(5, 5)
(5, 5)
(3, 5)
(8, 6)
(7, 5)
(8, 5)
(8, 4)
(8, 4)
(15, 3)
(8, 3)
(8, 4)
(8, 4)
(8, 7)
(8, 7)
(8, 8)
(8, 9)
(8, 8)
(8, 8)
(7, 7)
(5, 8)
(7, 7)
(7, 7)
(8, 9)
(8, 8)
(7, 5)
(8, 5)
(5, 5)
(8, 5)
(8, 4)
(8, 5)
(5, 5)
(8, 9)
(8, 9)
(8, 12)
(8, 14)
(7, 13)
(5, 13)
(5, 12)
(5, 12)
(9, 13)
(8, 9)
(8, 6)
(7, 6)
(7, 7)
(8, 7)
(8, 8)
(7, 7)
(8, 8)
(8, 8)
(3, 7)
(3, 7)
(8, 8)
(8, 7)
(7, 7)
(3, 8)
(3, 8)
(8, 8)
(8, 8)
(8, 6)
(8, 6)
(8, 5)
(7, 5)
(7, 5)
(3, 1)
(3, 1)
(8, 1)
(8, 1)
(8, 1)
(8, 4)
(8, 4)
(8, 5)
(8, 6)
(8, 5)
(8, 5)
(7, 4)
(8, 8)
(8, 8)
(8, 8)
(7, 7)
(5, 8)
(8, 7)
(8, 8)
(15, 8)
(7, 6)
(8, 6)
(8, 6)
(5, 5)
(8, 6)
(8, 5)
(8, 5)
(8, 5)
(8, 5)
(8, 7)
(5, 5)
(8, 5)
(8, 5)
(8, 6)
(8, 6)
(15, 7)
(5, 6)
(8, 8)
(8, 9)
(8, 11)
(8, 10)
(7, 12)
(8, 11)
(8, 10)
(8, 10)
(7, 8)
(5, 9)
(8, 5)
(7, 6)
(3, 7)
(3, 7)
(8, 8)
(8, 8)
(9, 10)
(8, 11)
(8, 11)
(8, 11)
(8, 11)
(8, 11)
(8, 9)
(8, 9)
(8, 8)
(7, 9)
(8, 9)
(8, 9)
(7, 9)
(7, 12)
(8, 12)
(8, 11)
(8, 6)
(7, 4)
(7, 4)
(7, 4)
(3, 5)
(8, 10)
(8, 8)
(7, 7)
(8, 8)
(8, 7)
(8, 8)
(7, 10)
(8, 11)
(8, 11)
(7, 11)
(8, 11)
(8, 10)
(7, 8)
(8, 8)
(8, 5)
(7, 3)
(7, 2)
(8, 4)
(8, 4)
(3, 4)
(3, 9)
(8, 13)
(8, 10)
(8, 9)
(8, 10)
(8, 12)
(7, 6)
(8, 6)
(7, 3)
(3, 4)
(8, 3)
(8, 2)
(7, 2)
(9, 7)
(9, 8)
(8, 8)
(15, 9)
(8, 5)
(7, 6)
(8, 6)
(7, 7)
(8, 6)
(3, 4)
(3, 7)
(3, 9)
(8, 11)
(8, 10)
(8, 8)
(7, 8)
(8, 9)
(8, 5)
(7, 5)
(7, 3)
(7, 4)
(8, 6)
(8, 7)
(3, 5)
(7, 5)
(9, 9)
(3, 9)
(8, 10)
(8, 9)
(8, 6)
(8, 7)
(7, 5)
(8, 7)
(8, 7)
(3, 7)
(8, 10)
(7, 9)
(8, 11)
(7, 11)
(8, 11)
(8, 11)
(8, 9)
(7, 7)
(8, 8)
(7, 8)
(8, 10)
(8, 10)
(7, 9)
(3, 11)
(8, 11)
(7, 10)
(8, 9)
(8, 9)
(8, 8)
(8, 8)
(7, 6)
(7, 5)
(3, 5)
(3, 5)
(8, 4)
(8, 2)
(8, 12)
(8, 12)
(8, 12)
(8, 11)
(9, 13)
(8, 13)
(7, 5)
(7, 7)
(7, 8)
(3, 8)
(8, 5)
(8, 5)
(8, 4)
(8, 7)
(9, 6)
(8, 7)
(8, 11)
(8, 10)
(7, 9)
(9, 11)
(8, 12)
(8, 12)
(8, 10)
(8, 8)
(8, 8)
(8, 9)
(7, 9)
(7, 9)
(3, 11)
(8, 11)
(8, 8)
(8, 5)
(7, 2)
(7, 3)
(7, 4)
(8, 8)
(3, 7)
(8, 12)
(8, 11)
(8, 13)
(8, 12)
(8, 10)
(8, 9)
(7, 5)
(7, 7)
(8, 8)
(7, 6)
(7, 2)
(3, 1)
(8, 3)
(8, 2)
(7, 0)
(9, 0)
(8, 1)
(8, 3)
(8, 6)
(8, 2)
(7, 2)
(8, 6)
(8, 7)
(8, 11)
(8, 11)
(8, 13)
(8, 12)
(5, 8)
(5, 6)
(7, 2)
(8, 4)
(5, 0)
(3, 2)
(8, 4)
(5, 6)
(8, 14)
(15, 13)
(8, 12)
(8, 9)
(8, 11)
(8, 8)
(7, 7)
(7, 2)
(3, 2)
(7, 2)
(7, 3)
(15, 7)
(8, 11)
(8, 8)
(5, 7)
(5, 11)
(15, 15)
(15, 12)
(7, 9)
(8, 10)
(8, 10)
(8, 11)
(8, 10)
(7, 11)
(8, 13)
(8, 13)
(8, 11)
(7, 10)
(8, 11)
(8, 8)
(7, 7)
(7, 8)
(3, 9)
(8, 10)
(8, 10)
(8, 11)
(8, 9)
(8, 9)
(8, 8)
(7, 7)
(7, 10)
(8, 10)
(8, 9)
(3, 6)
(8, 6)
(8, 6)
(7, 6)
(7, 5)
(7, 8)
(8, 11)
(8, 11)
(8, 9)
(7, 6)
(8, 3)
(7, 2)
(8, 2)
(7, 2)
(7, 3)
(9, 10)
(8, 8)
(8, 7)
(7, 7)
(8, 6)
(8, 7)
(8, 9)
(8, 10)
(3, 9)
(7, 12)
(8, 12)
(8, 11)
(8, 8)
(8, 7)
(7, 4)
(7, 4)
(8, 2)
(3, 1)
(8, 1)
(8, 1)
(8, 2)
(8, 3)
(8, 8)
(8, 8)
(8, 7)
(8, 6)
(7, 2)
(7, 1)
(8, 1)
(8, 6)
(8, 7)
(7, 7)
(8, 11)
(8, 13)
(8, 13)
(8, 14)
(8, 12)
(7, 8)
(5, 7)
(8, 7)
(5, 9)
(3, 6)
(8, 8)
(9, 8)
(7, 6)
(7, 9)
(3, 13)
(15, 13)
(3, 11)
(8, 11)
(7, 11)
(8, 12)
(8, 10)
(7, 6)
(7, 4)
(8, 5)
(8, 4)
(7, 4)
(3, 5)
(3, 5)
(8, 2)
(8, 0)
(8, 0)
(8, 0)
(8, 2)
(9, 1)
(8, 5)
(8, 8)
(15, 7)
(8, 9)
(8, 5)
(8, 8)
(7, 7)
(7, 9)
(8, 9)
(7, 10)
(9, 13)
(8, 9)
(8, 10)
(8, 14)
(7, 14)
(8, 14)
(8, 10)
(5, 9)
(10, 12)
(8, 9)
(8, 6)
(7, 6)
(7, 6)
(8, 8)
(7, 13)
(7, 11)
(8, 12)
(7, 12)
(7, 8)
(8, 7)
(8, 8)
(7, 6)
(8, 10)
(8, 11)
(8, 9)
(8, 12)
(9, 10)
(7, 8)
(8, 5)
(8, 3)
(8, 1)
(7, 0)
(7, 1)
(3, 1)
(3, 3)
(8, 6)
(8, 6)
(9, 7)
(8, 6)
(8, 9)
(5, 10)
(5, 12)
(7, 12)
(8, 11)
(7, 9)
(8, 12)
(8, 8)
(8, 8)
(7, 6)
(7, 4)
(7, 7)
(8, 11)
(3, 10)
(3, 11)
(8, 11)
(5, 10)
(5, 11)
(8, 13)
(7, 11)
(8, 11)
(7, 11)
(8, 12)
(8, 11)
(8, 10)
(8, 10)
(8, 7)
(7, 6)
(7, 8)
(8, 8)
(8, 8)
(7, 7)
(8, 7)
(8, 8)
(8, 10)
(7, 9)
(8, 11)
(7, 10)
(7, 3)
(8, 4)
(8, 2)
(8, 1)
(7, 1)
(7, 4)
(7, 4)
(8, 10)
(8, 4)
(8, 10)
(8, 11)
(8, 9)
(8, 8)
(8, 9)
(8, 10)
(8, 10)
(7, 1)
(15, 2)
(8, 0)
(8, 0)
(7, 0)
(8, 0)
(3, 0)
(8, 2)
(8, 0)
(8, 0)
(8, 3)
(8, 4)
(15, 0)
(8, 0)
(8, 0)
(8, 0)
(15, 0)
(8, 0)
(8, 0)
(8, 9)
(15, 15)
(8, 15)
(15, 15)
(7, 15)
(8, 15)
(15, 15)
(7, 9)
(8, 15)
(8, 11)
(8, 10)
(8, 13)
(7, 14)
(5, 6)
(8, 7)
(5, 11)
(8, 11)
(8, 11)
(8, 13)
(8, 8)
(7, 5)
(8, 6)
(8, 4)
(3, 3)
(3, 5)
(8, 8)
(7, 6)
(7, 6)
(8, 12)
(8, 9)
(8, 5)
(8, 10)
(9, 9)
(8, 11)
(8, 11)
(7, 10)
(3, 15)
(8, 15)
(8, 15)
(8, 14)
(7, 14)
(8, 15)
(8, 15)
(8, 13)
(8, 13)
(8, 7)
(8, 4)
(8, 0)
(7, 3)
(7, 1)
(8, 2)
(7, 3)
(3, 10)
(3, 11)
(8, 13)
(8, 1)
(8, 3)
(8, 5)
(8, 9)
(8, 4)
(8, 4)
(8, 4)
(9, 7)
(8, 10)
(3, 4)
(7, 6)
(8, 4)
(8, 4)
(8, 4)
(7, 4)
(15, 8)
(9, 7)
(8, 9)
(8, 6)
(8, 6)
(8, 8)
(8, 5)
(8, 11)
(9, 12)
(15, 14)
(8, 15)
(8, 15)
(7, 15)
(5, 13)
(8, 13)
(7, 12)
(8, 14)
(8, 13)
(3, 13)
(8, 12)
(8, 12)
(8, 12)
(8, 14)
(7, 8)
(8, 14)
(7, 9)
(7, 12)
(8, 6)
(3, 3)
(8, 15)
(8, 15)
(7, 12)
(8, 14)
(7, 14)
(3, 15)
(8, 15)
(8, 15)
(7, 3)
(8, 13)
(3, 13)
(8, 13)
(3, 13)
(7, 7)
(8, 13)
(8, 6)
(8, 8)
(7, 3)
(8, 5)
(7, 4)
(8, 9)
(3, 6)
(3, 2)
(9, 0)
(8, 2)
(8, 1)
(8, 1)
(7, 7)
(8, 15)
(8, 15)
(8, 12)
(8, 12)
(8, 8)
(9, 11)
(7, 3)
(7, 11)
(3, 13)
(8, 15)
(8, 14)
(8, 14)
(8, 11)
(9, 11)
(7, 9)
(9, 10)
(7, 12)
(8, 12)
(7, 8)
(8, 12)
(8, 10)
(8, 9)
(8, 11)
(8, 10)
(7, 12)
(7, 13)
(8, 13)
(7, 10)
(8, 13)
(3, 12)
(7, 7)
(7, 4)
(8, 9)
(3, 11)
(3, 11)
(3, 12)
(9, 11)
(9, 8)
(8, 6)
(8, 3)
(8, 3)
(7, 0)
(3, 0)
(8, 1)
(7, 1)
(8, 5)
(8, 7)
(8, 11)
(8, 15)
(8, 15)
(8, 14)
(7, 14)
(7, 11)
(7, 7)
(7, 4)
(8, 0)
(3, 1)
(3, 0)
(8, 1)
(7, 0)
(7, 0)
(8, 3)
(8, 4)
(8, 11)
(8, 10)
(5, 11)
(8, 15)
(8, 15)
(15, 15)
(8, 12)
(8, 8)
(8, 2)
(8, 0)
(7, 0)
(8, 0)
(3, 0)
(3, 0)
(8, 3)
(7, 1)
(8, 5)
(8, 15)
(8, 8)
(8, 10)
(5, 5)
(5, 6)
(9, 3)
(3, 0)
(8, 1)
(3, 0)
(3, 3)
(9, 3)
(8, 11)
(8, 13)
(8, 12)
(7, 9)
(8, 11)
(7, 11)
(7, 9)
(8, 12)
(8, 5)
(7, 2)
(3, 8)
(8, 8)
(8, 8)
(9, 8)
(5, 6)
(8, 9)
(5, 5)
(8, 6)
(8, 1)
(3, 0)
(3, 3)
(8, 4)
(3, 2)
(7, 1)
(7, 0)
(8, 2)
(8, 6)
(8, 8)
(8, 10)
(8, 15)
(8, 15)
(8, 15)
(7, 15)
(7, 15)
(8, 13)
(7, 15)
(8, 15)
(8, 10)
(8, 9)
(8, 5)
(7, 5)
(7, 12)
(8, 12)
(3, 10)
(3, 15)
(8, 15)
(8, 15)
(8, 14)
(7, 13)
(7, 15)
(8, 15)
(8, 13)
(7, 9)
(8, 6)
(8, 7)
(7, 1)
(7, 1)
(8, 1)
(3, 3)
(8, 6)
(8, 5)
(7, 2)
(3, 4)
(3, 7)
(8, 5)
(8, 2)
(8, 0)
(8, 0)
(8, 0)
(8, 4)
(8, 1)
(9, 0)
